#36 36
000000000000900900090000090000000000
008000090000000000000000000000000000
000000000000000000000000000000000080
000000000000000000000000000009000000
000009000090000000000000000000000000
000000000000000000000090000090000000
900000000000000000000000000000000000
000090000000000900900000090000000000
000000000000000000000000000000000000
000000000000000000000000000700009000
000000000000000090000000000000000000
000000000900090000000000060000000000
000000000000000000000009000500000000
000009000000000000000000000000000900
000000000000009090000800000009000000
000000000000000000000000000000000000
000000000000000000090000000000000000
000900000000900000000000090000000009
900000000000000000000000000000900000
000000090000000000000000000900000000
900000000000900000000000900000000000
000000000900000000000000000000000000
000000000000000000900090000000900000
000009000000000000000000000000000000
000000000000000000000000000000000000
000000090000090000000000000900000000
000000000000000000000090000000900000
000000000900000090000000000000000000
000000000000000000000000000900000000
800000000000000000900008000000000008
000009000900000000000000090000000000
000000000000000000000000000000000000
000000000000000080000000009000000000
000000000000000000000000000000000070
900000000000008000000000000000000000
000000000900000000800000000009000000